.Random.seed <-
c(403L, 144L, -66951406L, 371612470L, -1007061277L, -989014686L, 
-381832719L, -408447047L, -15223231L, -1754798731L, -1274721137L, 
-1179537735L, 1638710377L, 1893994932L, -2020691352L, 1896639758L, 
-5282221L, -1617055540L, 1711302901L, 1045650789L, 405597377L, 
754981791L, 1200052442L, -1815295969L, 181609217L, -1038300621L, 
434474387L, -858266197L, -329840267L, 1535222027L, 236919421L, 
401731957L, 285493927L, -753914518L, -1635213448L, 2097609479L, 
-606691500L, -46583208L, 1854754671L, -1196864982L, 859261808L, 
377424776L, -755898698L, -1640890776L, 424551388L, 1796390442L, 
-1552580807L, -1735709939L, -1688472310L, 447994708L, -1508156994L, 
1936039951L, 239765791L, 21159508L, 526599706L, 1105291895L, 
1674661587L, -1131861024L, -1948692852L, 409532281L, -410750906L, 
748001527L, -1000424376L, -991191148L, -131316605L, 1902705833L, 
-747440817L, -1903148125L, 2048867213L, 1288407140L, 1103400841L, 
-1891873730L, -2072683437L, -72371188L, -512226342L, 1959169735L, 
1960921245L, -159793467L, -155544997L, 1028129354L, -1951352360L, 
-721476153L, -108187675L, -227193163L, -1572272341L, 345297223L, 
1584472909L, -84878392L, -825857029L, -497763638L, -1257826320L, 
898427502L, 1517089020L, -255706008L, -907209880L, -245634752L, 
-336761899L, 1283251690L, 404179875L, -162945443L, -382110314L, 
523781401L, -1069206086L, -525794780L, -2025098016L, 800605010L, 
536119288L, -1334296778L, 1707053346L, -1992454179L, -559874816L, 
1845006002L, -634252335L, 1602249713L, 1086395084L, 761299651L, 
-696668109L, -408591283L, 710596599L, 691289842L, -1259425550L, 
-1098142608L, 570271962L, -1842729309L, -273061221L, -1107810596L, 
-757030582L, -1119778404L, 527228137L, -366785389L, -326635066L, 
621714852L, 385165929L, -113188091L, 1824864857L, 1413917784L, 
-2034782529L, 672516534L, -1503500022L, 1553737124L, 216339620L, 
-853735920L, -986505363L, 1211561602L, -1246268648L, -1789902939L, 
1773240488L, 1878150417L, -889522866L, -822223785L, -1649695376L, 
356346546L, -823966325L, 729496578L, -546148045L, -251311693L, 
2124740487L, 2132623063L, -1750764671L, -186602228L, 2033413919L, 
-1475620177L, 172541360L, 519865939L, 1155222704L, -1854649086L, 
216279976L, 1861568710L, -1567691721L, 1866030821L, -816093076L, 
1686804252L, -998558949L, 447347305L, -850877818L, -1928554193L, 
-940534936L, 996644131L, -350245787L, -743768886L, 1841803524L, 
-423290188L, 1437200158L, -970642548L, 1754121122L, 1820638109L, 
447101839L, -1717905525L, 589009539L, 275163436L, 48452028L, 
-1724864720L, 203336688L, 934526437L, 415584974L, -2132994050L, 
852632420L, -505367451L, 2036006210L, 887730105L, -1328392598L, 
837393219L, -272355425L, -611054236L, 241681281L, -1031138434L, 
-322433950L, -123701189L, -151544807L, 851038698L, -267323714L, 
-1037501792L, 1291069880L, -660972199L, 1363103465L, -694640859L, 
-1050418379L, -263898156L, 666855919L, 772886989L, 278886065L, 
-394224772L, 1539142971L, 1650437025L, -302991071L, 1402104931L, 
-2029201615L, 1970865573L, -392249687L, 1313555194L, 1365825472L, 
-2028418398L, 725247411L, -691897414L, -925232003L, 1626940953L, 
-1861677577L, 352271239L, -1501276874L, 37184699L, -745080952L, 
1912606395L, -1273150118L, 1304669368L, -532275442L, -1593936166L, 
-1173050281L, -1668885272L, -894393328L, -395075011L, 1830083418L, 
-1506560983L, 358741850L, -404264934L, 843218500L, 2124637906L, 
1590815833L, -1775476517L, -2072814024L, 333090586L, -833884809L, 
-643049934L, -1591712079L, -2145345962L, -47808L, 568642109L, 
-1825099412L, 1760486060L, -1151205100L, -983805640L, 990303527L, 
1942125431L, 1804325415L, -70038938L, 543729826L, -948884363L, 
-1956050836L, 2084500465L, -2099870756L, -986085923L, 2030926723L, 
1412430412L, 1715834703L, -112321637L, -1203926269L, 1660183932L, 
-316997953L, 335459262L, 2013430867L, 1776787235L, 166221358L, 
-2028251063L, 301870217L, 338824026L, 1112671433L, -2074014801L, 
-504710658L, -1578586243L, 74859110L, -1388318516L, -1331189473L, 
1395914183L, -812138978L, 268498954L, 1240237278L, 518615854L, 
-1762710782L, -1832107327L, -179717189L, -1581524878L, 1073768545L, 
-2094263368L, -1483016307L, 635115862L, -1554475163L, 1639075077L, 
1721927240L, -285145159L, -461390533L, -948880524L, 2082540585L, 
-696422284L, 1712107949L, -386076211L, -915700952L, -1729446212L, 
1532656141L, 1254755382L, 677492470L, -220605958L, 633873006L, 
-948595907L, 1607727641L, -1912978720L, 121100189L, -1794353730L, 
-423509663L, 630424970L, -2061563857L, 588695392L, -1934805620L, 
740137326L, 766218168L, -410510071L, -2125401306L, 1817256514L, 
773098498L, 1531205893L, -1264590661L, -210489897L, -352647700L, 
-600297404L, 1955749067L, -959455794L, 882650759L, 220518204L, 
-1682059349L, -561940712L, 190425110L, -1535340717L, -1440399076L, 
-569583969L, -231940472L, -1438862237L, -1219283154L, -1064008737L, 
2090442306L, -1226880058L, -1413532308L, 1403624571L, -604333965L, 
-796698351L, -418277245L, -1558070403L, 1096819887L, 1354510835L, 
1385809521L, 1032204105L, 1708693445L, 2130834119L, -1305568143L, 
897898025L, -1664391579L, 756204454L, 986521721L, -1221081912L, 
23772018L, 1804327865L, 2108473007L, 1164823193L, 933737674L, 
912706262L, 1614954535L, 461555984L, -1384450924L, 874335721L, 
1146513458L, -16822032L, -518792758L, 78533480L, -515224582L, 
960905459L, -1627647372L, -1404756294L, -355722336L, 1980290501L, 
1241873494L, 1751975526L, 706568904L, 699276063L, -874875609L, 
343562569L, 1319132525L, -540973503L, -567952207L, -1540990279L, 
-1100441381L, -716205278L, -2073521379L, -1218964177L, 548115044L, 
1691213701L, -192481784L, -1989837034L, 515629519L, -2110284279L, 
-445781649L, -534468845L, 1304274425L, 1901946419L, 1161976848L, 
453457060L, 1511123440L, 1286175338L, -35157409L, -1379405175L, 
-271889325L, -2004064673L, -1331118797L, -441146903L, 1125077870L, 
123140749L, 1830894442L, -899927374L, -81706019L, 1761439772L, 
-1610100457L, 933376618L, 782973222L, 904297450L, -897858433L, 
105026217L, 109420105L, -832132981L, -10168497L, 1953589755L, 
-1252013761L, -1954816397L, -1072663264L, -847503237L, -1714998788L, 
180492251L, 1018692524L, 1571489412L, -1545655798L, 1444170707L, 
-1734043435L, 1499189125L, -43800618L, -1279709488L, -617100111L, 
457818826L, 608152192L, 252509286L, -1698426098L, 60911208L, 
508104167L, 871604426L, -1522611648L, -1005573686L, 1465929617L, 
674257616L, 230513924L, 1159601160L, -876069144L, 1277902847L, 
593662981L, -1763474152L, -1547025276L, 417901950L, 657214393L, 
-1008285181L, 1956491763L, -475916242L, -1960789079L, 1748870241L, 
2146633638L, 566314452L, 1201378286L, 1149689222L, 686849837L, 
558619870L, 1457640241L, -192981272L, -1423959067L, 643999272L, 
1494045001L, -907258071L, -554969751L, 884446095L, -1761271954L, 
1189794003L, -793443308L, 1709843627L, 493963918L, 568064220L, 
-121756812L, -236998695L, -1587240255L, 1287385822L, -819267089L, 
13493666L, -1063776419L, 1057352049L, -1523336670L, -2101075588L, 
-591501413L, -274971469L, -371278019L, 641793101L, 716761869L, 
1227853106L, 787453086L, 377771026L, -1751330095L, -1174769231L, 
-465097713L, -756625397L, 768624087L, 1537828390L, -553301628L, 
-1266330174L, 413704355L, 1758001244L, -1341171692L, -1161817959L, 
1423701679L, -1349955750L, -1468230838L, -1625956974L, 1323755288L, 
-1718442480L, 357737234L, 1560258474L, 2079324683L, 204659147L, 
-400437081L, -1594206967L, 685751272L, -132883641L, 1512908948L, 
-452836727L, 970545183L, 31825976L, 1231361712L, -893469284L, 
1983292436L, 1628059776L, 44758065L, -210590900L, 190454666L, 
-1275224526L, 26424267L, 186999275L, -1237434144L, -2116342121L, 
-1593819833L, 851188388L, 2061452293L, 1988122051L, -1253269946L, 
1385074305L, 814212385L, -1135266363L, -241189836L, -1503092373L, 
1093365148L, -1090331636L, -1980639933L, 1064590836L, 2037881679L, 
-1698076851L, -10007821L, -40403254L, 1323492973L, -433610523L, 
871895181L, 774516267L, 1880613122L, -1185552552L, -1534440784L, 
1676432085L, 161777798L, 1080015249L, 1491079233L, 899092324L, 
